46
81 25
100100101011010001001000000000100000000000101000110010110110000000000010101011001
29 28
00000101000111101110000011110
15 9
000000000010000
9 2
001001000
8 3
10010100
95 55
11000000000000000000010000000100000010000000100010000000100010100000000001000001000010100010110
72 13
110111001010001001110100011000110111011101101111001010000010010101001011
29 21
01000000010001010010000000110
94 83
1000000100001100001111001000011001000100001100101001010100110000101110100000011111101011000001
77 58
10101000101110011000111101001110100110111100001100011000000111111010100111110
20 5
00000000000000100000
94 5
1100000010010011000000010000100010001010010000000000000000000100000001101000000000000000001100
68 29
10111111110000101001100111001110111000100001111001011100011101101111
85 22
0010010000101100101111100110000010001001000110000111010001101010110100000110000000100
51 14
011100100000000000000000001010000010000000001000000
58 13
0110000010010000000100110011001010100010010000000100000010
2 1
00
27 23
001000010001011000000000000
51 17
010101100000111101000001100011101000011000010010011
36 18
000100000000000000000000001000000000
33 32
010000100000000000100000001000010
72 52
001011100010101010011001010111000011111100011100100100000101011100111011
63 29
011000011101011111100101000110001100010010101100011001101010001
76 72
1001111001100100110001100000101010000110011001000101010100010001100111001111
42 16
010111010100001000011110101000011100000000
59 1
10000000010110001000011000011001100110001000101100001111110
55 37
0000000000010000010010000001000000000000000000000000000
23 8
00000000000000000000000
36 25
000001111010101001010001111000111101
91 6
0000000001000000010110010110000001001000000100100000000001110000110110000010000000001000110
55 8
0001000000000000010000100010110000000000001000000001010
11 7
01000001000
65 15
10100100100001111111001011010010111110000000111110010111010111000
67 30
0100000000000000000001000000100000000000000010000000000000000000000
46 34
0000000000100100001001000001001010001000001000
20 17
00001000010000000000
57 17
100000000000001000000000000000000000001000000001000001000
63 45
000011110001011100010001001000010100010100000001010101111100110
38 5
00101011010101011111100101101010010111
24 5
110000010110010001110111
6 3
100011
60 25
110110000100000000100010001000001000010000000010001000000010
76 51
1000010011000100101001110000001110100011010000010010001110110110101100000000
11 7
00000000001
89 72
00000001000000000000000000000000000000000000010000000000000000000000000010000000000000000
58 49
1000011000100101001000110001001100000001110000111101101001
