41
55 33
0101011111101011100111100111111000100010011011011110011
42 20
100010110010100000000000110000110100000010
64 64
1111101111111111111111101111111110011101111111101111111110111111
27 14
010010111001000111100110111
68 39
00100100000001000000001100000010000000000010000001000011000001111000
56 33
00000000010000000001000000000100000000000001100000010001
86 20
00000000010001000000000001000010000000000000000000000000000000111000000000010100000000
72 72
110011110010100100010111001001011001001110011011101011110000100111001100
19 4
1010001000100100001
97 21
1101110010000100110000000010010000000000010010010001000000101001001100110100000000000001000101010
73 2
0000010100000000000010000100000000000000000011000000000010100000000100010
52 46
0000100100001010010100101110001000100000100000000010
74 18
11010111100111011001000111111010111000110111111110110111010111111110111111
7 4
1101010
2 1
00
25 25
0101100000011100111001100
93 49
111110111110010111111001010100110111110011111011011111111111111110011111011101011111010111111
68 11
10110110010100110101100011101110001110010011000110111010100100000010
35 23
10111101101111111011111111011101111
58 17
1100111111010001111011111001110111011101110001111010111011
13 13
0101011111110
57 18
111111011111111110111111110111111111110111111100111111101
31 15
1010001000100011101000001100100
94 60
0101000111111011111110010111111000010100101110111001111111111000111111110011011111111111100111
40 1
1001000000101100001101001100100010010001
1 1
1
96 51
101110110111111111111111111101111010101111111111111101110110011100111111111111111111101111110111
18 11
110000001101011011
94 26
0111111011011111110000011001011111101000111111010110110100101011111110111110100101101111111110
41 29
00000001000011000110111111001000001110111
21 8
111111111111111111111
92 8
00001000000000000000000000000100001000000000000000000000000000000000000000000000000010000000
25 20
1100001001111111111111001
77 31
00000011100100100010110010011000000000000000000101000001100011001000100001101
100 34
0010001000000000000000000010001000000000000100100001000001100000100000001001000000010100000000000000
78 33
101000000100100000000100000100000100000000000011001000000000000000000000000000
36 17
110001000110101001100000001101000000
97 7
1100010001100010001010010100011100000111001111001101000000100001100000010000101001001011000100001
56 20
10011000000001000001001001000110010010000000111010000011
37 22
1111011011110101110110101111111111111
71 51
11111111000010001111001111011111101001011111111000101111001001001010101
