20 50
8 18 8 20
12 16 14 16
4 4 5 4
19 11 19 12
17 11 19 11
19 2 20 2
16 13 18 13
13 19 13 20
9 10 9 11
5 3 5 5
1 8 2 8
18 1 20 1
19 1 20 1
19 12 20 12
8 19 11 19
5 3 6 3
17 11 19 11
7 19 7 20
3 4 3 6
5 6 5 9
3 12 5 12
7 1 7 4
14 17 15 17
6 10 6 13
10 13 10 15
5 19 6 19
19 19 19 20
2 4 2 5
14 2 16 2
11 5 14 5
9 18 11 18
7 15 7 17
19 12 19 14
19 17 20 17
1 11 3 11
17 7 19 7
16 11 17 11
13 11 13 12
16 9 18 9
4 3 5 3
11 10 13 10
2 9 2 12
11 14 12 14
11 9 12 9
3 6 6 6
5 6 5 8
6 16 8 16
19 4 20 4
18 9 19 9
11 6 11 8
