100 1000
42 66 45 66
91 30 93 30
47 80 47 83
52 86 53 86
50 33 50 34
61 59 63 59
75 79 75 80
61 64 64 64
86 24 86 26
66 9 69 9
16 48 16 49
98 4 98 5
52 57 53 57
12 16 15 16
75 24 75 25
18 58 21 58
23 40 23 41
48 36 50 36
79 20 79 21
52 75 52 78
46 9 47 9
78 35 81 35
46 54 48 54
90 41 92 41
75 24 77 24
99 6 100 6
96 44 96 47
6 64 6 67
86 46 87 46
99 69 99 72
70 34 73 34
52 19 54 19
38 52 38 53
83 79 85 79
54 43 54 45
91 77 94 77
24 84 26 84
74 72 75 72
19 5 21 5
24 61 27 61
93 5 95 5
26 2 26 3
72 26 74 26
61 71 64 71
68 99 71 99
63 6 65 6
93 32 93 35
90 8 90 11
78 29 78 32
23 12 24 12
67 48 69 48
17 3 17 5
8 95 9 95
90 96 90 99
40 89 43 89
90 38 90 40
10 63 11 63
32 10 34 10
43 48 43 49
34 16 34 19
87 64 90 64
11 92 11 95
14 53 14 55
52 63 52 64
32 8 32 10
24 13 24 16
27 40 29 40
95 2 96 2
40 69 40 70
66 22 67 22
61 96 61 99
63 36 63 39
18 71 19 71
77 96 80 96
49 73 52 73
11 60 12 60
98 23 100 23
57 5 58 5
53 22 54 22
94 37 94 40
35 3 35 4
19 28 19 30
2 32 5 32
54 84 54 85
10 6 12 6
41 23 41 24
8 73 10 73
5 40 6 40
39 77 39 78
35 63 38 63
75 51 76 51
27 71 30 71
16 90 16 93
56 94 57 94
79 12 79 14
54 91 54 93
51 65 54 65
49 97 51 97
12 9 15 9
42 97 44 97
18 5 18 6
22 92 24 92
27 23 27 24
46 50 46 53
13 20 15 20
18 78 18 79
24 72 26 72
30 60 33 60
26 80 26 82
52 25 52 27
9 11 10 11
68 44 68 46
92 80 93 80
24 25 24 27
85 22 87 22
16 9 16 11
52 48 54 48
23 67 23 70
79 16 80 16
28 93 31 93
71 15 73 15
82 48 83 48
61 86 62 86
34 90 34 91
96 83 97 83
48 34 48 35
48 89 48 90
71 12 71 15
71 12 72 12
54 64 55 64
91 95 91 97
3 2 6 2
72 53 72 55
20 30 20 32
75 29 75 32
6 48 6 50
75 73 76 73
13 41 13 42
1 70 1 72
29 4 29 6
36 54 36 55
2 67 4 67
79 41 79 42
62 91 64 91
64 56 65 56
43 32 44 32
7 77 7 79
2 79 2 82
6 55 8 55
13 13 13 14
2 18 2 21
15 22 16 22
71 86 74 86
43 94 43 95
77 5 77 6
23 22 23 23
32 54 32 55
34 48 34 50
9 53 9 54
88 5 88 8
7 35 8 35
91 35 91 36
52 52 53 52
1 22 4 22
77 42 77 44
2 63 3 63
56 36 59 36
66 78 66 81
88 26 88 29
43 26 43 29
25 9 28 9
74 23 77 23
67 48 67 50
65 56 67 56
60 54 62 54
69 40 69 43
37 1 37 4
4 97 4 99
32 43 32 46
8 93 8 94
83 79 83 80
31 69 31 70
42 76 42 79
67 54 67 57
63 82 63 85
5 76 8 76
12 95 12 96
21 90 21 93
5 25 8 25
18 27 18 30
92 86 92 87
70 48 73 48
15 50 15 51
47 76 47 77
96 52 96 54
54 86 54 88
42 60 44 60
82 37 84 37
41 78 42 78
44 56 46 56
10 37 10 40
60 10 60 11
95 65 97 65
21 6 21 7
74 80 75 80
63 43 66 43
82 93 85 93
93 12 95 12
53 43 53 44
79 42 80 42
40 56 40 57
43 3 43 5
64 76 64 78
71 89 71 92
41 29 43 29
25 50 25 53
2 54 2 57
79 96 79 97
88 53 89 53
96 78 96 81
77 49 77 50
68 99 70 99
42 59 44 59
54 26 54 29
21 62 21 65
89 39 92 39
49 11 50 11
20 93 22 93
93 8 96 8
45 18 45 19
85 50 85 51
21 77 23 77
46 80 48 80
62 48 64 48
93 37 95 37
26 52 26 54
89 13 91 13
36 32 36 33
45 14 45 16
4 37 4 40
32 11 34 11
8 36 8 38
17 51 18 51
49 59 51 59
6 86 6 87
21 33 21 34
36 82 38 82
45 50 45 52
89 96 89 97
79 5 79 7
13 11 13 14
50 37 53 37
37 69 37 70
6 41 9 41
83 58 83 59
46 52 46 55
16 25 16 27
34 62 35 62
45 77 46 77
5 42 8 42
28 4 28 7
16 18 18 18
46 28 46 29
2 17 2 19
10 62 11 62
19 3 22 3
16 34 17 34
46 41 48 41
94 6 96 6
41 26 44 26
74 69 74 70
32 32 33 32
70 35 72 35
72 39 73 39
51 37 54 37
46 23 46 24
34 88 34 91
21 64 21 67
12 72 14 72
96 46 96 49
34 44 35 44
42 51 44 51
25 71 26 71
66 68 68 68
65 3 67 3
6 4 6 5
17 16 17 19
87 31 87 32
93 76 93 77
64 93 67 93
19 71 21 71
73 14 73 16
21 1 24 1
73 99 74 99
37 53 38 53
20 70 23 70
42 85 42 88
20 50 23 50
40 89 40 91
34 58 34 59
97 88 100 88
47 36 47 39
97 19 98 19
99 36 100 36
3 76 3 79
3 28 3 31
14 12 17 12
75 43 78 43
21 90 21 91
91 81 91 82
53 18 54 18
84 74 85 74
26 75 26 77
51 44 51 47
66 8 68 8
81 48 81 50
22 87 23 87
7 33 8 33
28 2 28 5
36 21 38 21
38 51 41 51
11 39 11 42
90 60 93 60
8 13 8 14
98 38 100 38
83 65 86 65
19 12 19 14
10 16 10 18
21 34 22 34
90 19 90 22
59 16 59 18
68 73 68 74
77 30 80 30
41 89 44 89
54 65 57 65
9 79 12 79
28 20 31 20
16 93 16 96
93 96 93 99
47 50 47 52
99 16 100 16
29 35 29 36
78 24 79 24
37 45 40 45
48 44 48 46
10 39 13 39
15 7 15 9
52 88 52 89
40 36 43 36
8 87 8 90
16 33 19 33
18 89 18 91
23 57 23 58
31 76 31 78
17 87 18 87
30 59 33 59
97 71 98 71
46 80 48 80
97 27 97 30
44 7 45 7
63 57 63 60
69 24 71 24
99 39 100 39
22 23 24 23
54 7 56 7
5 42 5 44
84 58 84 59
44 60 44 61
21 40 24 40
37 84 37 87
97 22 97 23
4 53 4 56
64 75 64 77
12 21 12 22
55 79 55 80
19 70 19 72
23 67 26 67
63 89 63 92
85 22 85 25
39 95 39 96
19 30 19 33
37 79 38 79
20 39 20 41
73 10 74 10
3 63 5 63
54 57 54 60
56 53 59 53
72 37 74 37
40 79 43 79
30 51 30 53
69 98 70 98
70 62 73 62
67 21 70 21
12 3 14 3
18 64 18 67
27 8 27 11
56 60 56 63
19 66 21 66
60 40 62 40
94 88 94 91
57 77 57 79
55 6 55 8
3 30 5 30
38 19 38 21
70 79 71 79
44 3 45 3
23 30 23 33
36 22 37 22
60 19 60 21
83 76 83 78
13 81 16 81
94 32 94 34
24 7 25 7
21 94 23 94
20 23 20 24
89 76 89 79
62 42 62 43
92 66 95 66
52 18 54 18
11 68 11 71
17 75 17 76
36 53 36 55
69 72 69 74
48 3 50 3
79 12 79 14
26 95 26 97
29 92 30 92
95 88 95 90
16 38 16 39
29 72 29 73
33 40 33 41
36 17 36 19
56 62 59 62
42 55 43 55
27 89 27 91
90 7 93 7
29 79 29 80
93 46 93 47
67 18 67 21
45 28 45 29
47 14 47 16
6 44 6 46
72 87 74 87
71 1 71 2
70 69 72 69
72 36 73 36
55 75 55 76
36 79 39 79
68 89 71 89
59 36 62 36
69 83 69 84
58 69 58 72
98 92 98 95
37 66 37 67
58 37 59 37
11 85 11 88
11 89 14 89
3 43 5 43
93 7 96 7
97 50 100 50
39 65 39 67
64 1 65 1
49 86 49 87
57 45 60 45
58 45 61 45
97 54 99 54
25 81 26 81
79 52 79 53
85 93 87 93
60 81 60 82
28 69 28 70
24 45 26 45
32 3 32 5
55 83 58 83
2 69 2 72
19 32 19 35
73 11 73 13
53 29 53 32
16 84 16 85
21 47 21 50
5 34 8 34
23 60 24 60
5 8 5 11
62 47 65 47
46 36 46 37
7 13 8 13
79 52 79 55
42 59 44 59
37 40 40 40
34 47 35 47
57 36 59 36
84 33 84 36
92 45 95 45
4 19 7 19
38 94 41 94
22 83 24 83
44 89 45 89
70 8 73 8
61 31 64 31
53 50 53 52
37 70 40 70
76 79 77 79
66 84 66 86
50 5 53 5
76 14 76 17
78 92 81 92
83 83 83 86
62 3 62 6
75 51 75 53
5 63 7 63
38 37 41 37
61 23 61 25
40 82 42 82
47 24 49 24
72 94 72 97
55 79 57 79
45 58 48 58
72 39 73 39
45 38 47 38
37 13 37 15
34 68 34 71
8 1 8 3
82 89 83 89
49 76 49 78
81 91 81 92
58 51 59 51
12 81 13 81
66 27 66 29
71 53 74 53
47 75 49 75
17 13 17 16
59 60 62 60
28 98 30 98
72 20 72 23
84 31 85 31
8 32 10 32
82 21 82 24
17 23 17 24
35 96 37 96
34 1 34 3
18 25 21 25
67 62 69 62
51 76 51 77
7 31 7 34
26 62 26 64
21 68 22 68
87 54 87 57
34 57 34 60
87 17 87 20
50 20 51 20
34 87 34 89
21 95 22 95
60 2 60 5
99 5 99 7
71 77 72 77
52 12 52 15
28 20 28 23
23 54 23 55
73 81 73 82
24 13 27 13
54 7 54 8
37 76 40 76
86 59 86 62
39 76 40 76
70 50 70 51
66 11 67 11
66 14 67 14
1 97 1 99
92 87 94 87
95 85 97 85
36 47 36 49
42 62 45 62
13 82 16 82
1 83 1 85
25 10 26 10
77 65 80 65
35 53 37 53
18 23 18 26
92 60 93 60
8 18 9 18
46 1 46 2
35 51 36 51
61 14 61 17
18 35 21 35
65 15 65 18
81 16 84 16
57 78 59 78
19 7 19 8
46 63 49 63
60 63 63 63
95 72 96 72
2 40 4 40
86 94 89 94
89 74 89 75
22 15 24 15
70 18 72 18
77 14 77 16
57 97 57 98
60 44 61 44
26 75 27 75
11 23 12 23
53 44 53 47
41 47 43 47
2 97 2 100
82 36 82 39
99 13 99 16
84 53 84 55
79 14 79 16
26 45 26 47
64 67 64 69
97 68 97 69
42 66 44 66
30 17 30 20
49 2 49 5
23 64 23 67
12 71 13 71
42 10 42 12
52 67 52 68
34 92 35 92
98 90 98 91
54 69 54 71
87 15 88 15
27 47 27 48
28 3 28 4
76 86 77 86
48 42 48 44
4 11 6 11
11 86 12 86
16 21 16 23
56 30 56 31
13 93 13 94
43 14 44 14
70 64 71 64
22 17 23 17
58 53 61 53
57 41 57 43
48 92 49 92
57 80 59 80
46 40 46 42
12 7 12 10
23 26 25 26
32 87 32 90
50 33 51 33
70 65 73 65
79 90 81 90
29 81 32 81
94 9 97 9
97 17 97 19
34 69 35 69
55 68 55 70
82 85 83 85
96 67 99 67
69 47 70 47
50 68 52 68
53 96 54 96
22 28 22 30
32 33 33 33
12 40 12 41
81 97 83 97
26 49 27 49
32 85 32 87
42 79 42 81
9 12 11 12
17 84 17 86
84 23 86 23
97 76 98 76
31 64 31 66
1 19 1 20
4 24 6 24
16 51 18 51
31 4 32 4
61 58 64 58
59 14 60 14
56 29 56 31
16 82 16 85
39 49 42 49
95 74 98 74
92 3 92 4
30 39 30 42
83 69 86 69
70 43 73 43
60 14 60 17
93 37 93 38
32 16 32 19
38 3 38 6
4 2 4 4
73 26 74 26
96 37 98 37
14 47 14 50
55 78 55 81
26 80 28 80
82 7 82 8
25 51 28 51
63 82 66 82
38 37 38 39
41 31 43 31
64 72 64 75
9 18 9 20
73 24 74 24
3 50 5 50
25 58 27 58
81 91 82 91
78 38 79 38
65 95 65 98
2 42 3 42
87 16 87 17
24 95 24 97
21 45 24 45
62 47 62 50
39 33 42 33
88 88 88 91
59 9 62 9
82 66 82 68
59 65 60 65
51 84 51 87
83 45 83 47
71 71 72 71
85 58 88 58
66 18 66 21
9 37 9 38
1 30 3 30
23 7 23 10
68 1 68 3
11 90 13 90
77 72 80 72
53 77 54 77
11 53 13 53
44 80 44 81
35 8 37 8
87 56 87 58
42 59 45 59
27 1 30 1
28 77 28 79
38 61 39 61
38 32 38 35
14 87 17 87
99 18 99 19
7 37 8 37
61 35 61 38
27 7 28 7
94 18 94 21
58 64 61 64
46 60 46 62
14 42 16 42
7 62 8 62
80 56 83 56
21 1 22 1
16 68 17 68
34 32 37 32
73 85 73 87
40 46 42 46
21 1 21 2
83 91 85 91
22 89 22 91
49 24 49 26
88 74 91 74
63 84 63 87
67 56 68 56
33 49 35 49
98 24 99 24
93 56 93 57
82 34 82 36
2 36 2 38
38 72 38 74
87 80 89 80
79 27 80 27
10 65 10 68
20 96 20 97
54 28 55 28
54 34 55 34
75 76 76 76
10 31 12 31
2 3 2 4
41 33 41 35
5 93 5 94
3 37 3 38
95 21 96 21
8 16 8 18
86 54 87 54
47 21 47 24
81 69 82 69
50 23 51 23
87 98 87 100
19 78 19 80
52 75 52 78
35 73 38 73
91 92 91 95
72 37 72 40
76 36 76 38
67 8 70 8
37 76 37 77
88 51 88 52
28 23 31 23
85 28 85 29
16 84 16 86
91 97 91 99
79 44 82 44
42 92 44 92
21 63 23 63
50 44 52 44
57 24 59 24
85 47 87 47
92 28 92 31
82 96 84 96
28 72 28 74
66 52 68 52
51 8 52 8
75 84 78 84
86 85 86 88
39 98 40 98
46 36 47 36
75 88 76 88
82 14 82 17
14 53 15 53
58 24 61 24
94 75 95 75
69 46 72 46
96 13 97 13
7 98 8 98
62 51 64 51
46 29 46 31
53 80 55 80
12 95 12 96
99 88 99 91
62 82 62 83
92 66 92 69
14 2 15 2
55 43 55 44
63 36 63 38
35 12 38 12
87 62 88 62
3 84 3 85
60 27 63 27
6 31 9 31
3 71 3 73
9 43 12 43
53 4 55 4
57 72 57 74
28 55 28 56
81 26 82 26
72 53 73 53
75 62 75 63
66 51 68 51
65 3 67 3
84 15 84 18
33 65 36 65
90 18 92 18
89 40 92 40
5 18 7 18
87 50 90 50
3 19 4 19
9 72 10 72
74 96 74 98
77 67 78 67
91 67 91 69
11 51 11 52
52 86 54 86
23 26 25 26
21 58 22 58
67 55 68 55
32 27 35 27
93 32 95 32
21 73 22 73
13 37 15 37
75 72 76 72
13 39 13 41
39 12 39 13
70 83 70 85
88 20 88 23
75 52 75 53
86 23 86 25
61 38 61 41
78 46 78 49
1 57 1 60
25 28 28 28
86 81 88 81
33 28 33 31
13 96 14 96
41 35 41 38
13 52 14 52
90 62 90 63
44 46 44 47
15 32 17 32
99 50 99 51
55 88 55 89
6 29 9 29
70 16 72 16
21 14 24 14
40 51 41 51
41 44 44 44
93 1 96 1
38 29 38 32
2 30 2 31
35 54 37 54
89 58 90 58
92 68 92 69
51 85 51 87
58 9 59 9
94 29 94 30
51 91 51 93
91 63 94 63
78 57 78 60
55 31 55 34
91 65 92 65
90 77 90 79
21 76 21 79
66 26 66 27
14 89 14 92
15 11 15 12
4 20 4 23
47 22 48 22
73 81 73 82
34 16 34 19
61 90 61 91
30 73 30 75
27 32 29 32
21 37 24 37
28 66 28 69
55 36 55 39
83 6 83 9
6 99 9 99
74 37 74 38
90 22 91 22
94 70 95 70
49 27 49 29
13 40 13 43
94 45 94 46
85 22 85 23
53 41 53 42
59 73 62 73
98 45 99 45
66 91 69 91
70 90 72 90
99 82 100 82
98 5 98 6
19 13 19 16
88 75 90 75
23 39 26 39
36 23 36 26
50 95 50 96
68 34 71 34
71 76 71 79
69 81 69 83
69 62 72 62
7 21 7 24
15 23 16 23
34 75 34 78
45 4 45 5
4 2 7 2
58 43 59 43
51 6 53 6
10 2 10 5
57 52 58 52
77 11 79 11
72 25 75 25
55 47 55 49
66 26 69 26
1 81 1 83
24 6 24 7
38 21 38 22
68 47 68 50
42 86 42 89
14 16 14 18
81 2 82 2
80 20 83 20
51 40 54 40
25 98 25 100
70 80 70 82
4 30 4 31
27 34 27 37
1 58 4 58
69 93 70 93
48 36 48 37
45 37 46 37
73 44 75 44
81 54 81 56
8 60 8 62
73 49 75 49
95 95 98 95
87 88 87 89
17 83 17 85
52 89 52 91
49 1 49 4
66 79 68 79
35 20 36 20
63 30 63 33
59 82 59 84
53 88 53 91
37 37 37 40
30 89 31 89
54 64 54 67
14 93 15 93
97 37 100 37
12 98 15 98
36 25 39 25
67 57 67 59
60 50 60 51
52 2 52 4
38 59 41 59
27 75 29 75
