100 1000
2 7 3 7
30 73 32 73
70 41 71 41
15 13 18 13
51 42 51 44
48 52 51 52
21 14 21 16
44 67 46 67
39 9 41 9
5 96 5 99
77 8 78 8
39 11 39 12
8 57 8 60
62 22 62 24
43 56 44 56
45 21 46 21
81 2 82 2
45 90 47 90
11 27 13 27
93 53 94 53
82 4 82 7
19 75 20 75
90 17 90 19
2 16 2 18
13 56 13 58
44 25 45 25
64 95 66 95
35 77 38 77
98 84 98 86
75 7 76 7
5 49 5 50
73 44 76 44
85 31 85 33
25 20 27 20
24 28 24 29
2 62 3 62
60 29 61 29
82 2 83 2
71 23 71 26
9 52 9 53
44 77 45 77
50 20 53 20
18 75 18 77
83 61 83 63
66 3 68 3
94 35 94 38
49 22 50 22
86 71 86 74
83 4 84 4
11 78 13 78
64 71 65 71
84 33 84 34
18 90 18 91
83 99 83 100
64 67 65 67
54 63 56 63
26 44 29 44
82 80 82 83
40 28 41 28
35 7 36 7
98 55 100 55
43 43 46 43
77 70 79 70
23 34 24 34
78 53 80 53
68 42 68 44
59 40 61 40
19 3 21 3
68 39 68 42
79 97 79 100
55 80 55 81
21 88 22 88
41 79 41 82
26 58 26 60
27 46 27 47
75 33 78 33
95 4 98 4
4 88 4 91
50 98 53 98
39 17 39 20
74 62 74 64
58 92 58 93
90 73 91 73
61 99 61 100
15 29 15 30
13 80 13 82
57 65 57 66
73 59 73 60
29 65 29 66
19 27 19 28
71 66 72 66
17 89 17 91
91 64 92 64
1 1 4 1
60 62 63 62
61 6 61 7
56 61 56 64
70 93 70 96
12 13 12 15
86 71 86 74
45 80 45 81
84 7 84 8
7 36 9 36
44 24 44 26
30 62 32 62
84 24 87 24
60 86 63 86
55 13 55 16
26 15 26 18
70 28 70 30
51 76 53 76
41 48 41 51
71 79 71 80
96 81 97 81
1 37 1 40
8 22 11 22
29 63 29 64
76 61 77 61
16 25 16 26
35 45 36 45
42 11 42 14
95 82 97 82
32 26 34 26
78 49 78 50
3 94 3 97
18 15 18 16
84 16 84 19
77 74 79 74
79 37 82 37
5 98 7 98
71 85 73 85
80 62 80 65
83 74 83 76
39 80 40 80
99 7 100 7
73 21 75 21
40 26 42 26
92 45 92 46
94 60 94 61
17 60 17 61
91 42 92 42
69 45 69 48
42 28 45 28
8 20 10 20
18 41 18 43
8 82 10 82
50 2 50 5
74 62 74 64
76 68 77 68
32 65 35 65
10 55 12 55
48 27 51 27
87 56 87 59
49 76 49 77
67 51 70 51
98 37 98 40
17 58 17 60
31 41 31 43
53 17 53 19
82 10 83 10
5 70 6 70
47 36 48 36
54 79 57 79
12 20 15 20
29 20 29 23
5 57 5 59
38 63 38 64
31 61 31 63
60 30 61 30
46 8 46 11
68 22 70 22
76 38 76 40
20 72 20 74
62 2 62 4
26 44 29 44
14 56 17 56
52 7 52 10
56 68 56 69
87 66 87 69
71 93 74 93
22 88 22 90
37 65 39 65
12 16 12 17
27 49 28 49
52 93 52 96
17 60 19 60
46 3 49 3
79 36 80 36
73 80 74 80
43 11 46 11
12 61 14 61
66 24 68 24
98 10 98 13
93 2 95 2
11 62 11 64
89 99 92 99
38 69 38 71
86 43 88 43
38 13 40 13
90 37 91 37
8 36 11 36
4 99 4 100
97 1 97 4
98 21 99 21
82 93 82 96
95 49 97 49
41 90 41 93
44 28 47 28
76 90 76 92
3 10 5 10
30 57 30 60
28 87 28 88
16 45 19 45
34 88 34 90
83 41 83 42
60 60 60 63
30 41 30 42
93 43 93 46
21 64 23 64
1 67 1 69
47 23 50 23
54 73 54 76
63 69 65 69
80 58 83 58
30 78 33 78
82 36 82 39
36 2 39 2
21 88 22 88
13 75 15 75
95 28 95 30
2 17 2 18
72 48 74 48
85 98 85 99
12 42 13 42
98 92 100 92
97 69 100 69
12 55 12 56
91 42 92 42
62 1 64 1
91 1 94 1
10 14 11 14
80 36 80 39
4 56 4 57
64 64 65 64
48 69 48 70
99 86 100 86
24 7 25 7
57 6 57 9
92 76 92 79
84 46 87 46
50 78 50 80
4 71 4 74
42 52 42 53
88 81 89 81
42 42 45 42
75 93 75 96
36 40 36 43
20 74 20 75
74 36 75 36
84 36 84 38
68 62 69 62
87 97 87 98
88 21 88 23
48 20 48 22
65 4 67 4
60 49 63 49
5 16 5 18
14 67 14 68
2 45 2 46
24 9 24 11
31 99 34 99
33 6 35 6
35 12 38 12
36 76 37 76
84 3 84 6
49 56 50 56
81 36 81 37
14 88 14 90
92 60 92 62
50 78 50 81
61 93 61 94
12 59 13 59
51 87 51 88
9 40 12 40
3 78 3 81
64 51 64 53
80 99 83 99
44 33 45 33
69 1 69 3
38 96 38 97
65 15 66 15
61 11 61 13
70 57 73 57
60 36 60 37
52 72 52 73
72 94 73 94
18 22 19 22
31 34 31 35
67 96 67 98
99 14 100 14
51 35 51 38
75 96 75 97
66 99 66 100
75 98 75 100
34 34 34 36
58 40 58 42
21 52 21 54
4 85 4 87
87 51 89 51
89 95 89 96
75 20 75 21
31 71 31 74
47 61 47 63
5 46 5 47
13 69 14 69
92 83 92 86
88 64 89 64
37 13 39 13
91 88 93 88
97 91 97 93
21 35 21 37
70 46 70 48
40 49 40 50
29 19 29 22
91 62 91 64
92 8 92 10
80 77 81 77
82 73 82 74
63 17 63 19
67 86 67 88
31 37 34 37
89 61 89 64
59 72 59 74
50 40 51 40
3 82 6 82
72 18 74 18
36 3 37 3
16 71 16 72
52 98 52 100
24 44 24 45
68 1 69 1
26 77 27 77
61 91 64 91
24 18 25 18
78 18 81 18
4 96 7 96
48 43 50 43
4 1 6 1
37 44 37 47
61 50 61 52
30 34 31 34
18 39 20 39
29 23 30 23
92 58 92 61
44 69 47 69
94 22 94 24
3 95 3 98
94 98 95 98
77 93 80 93
45 32 46 32
62 49 62 52
24 81 27 81
28 52 28 55
88 58 89 58
14 91 14 92
91 2 91 3
71 49 71 52
1 45 1 46
98 53 98 55
99 40 99 41
30 68 32 68
70 60 70 61
30 48 32 48
11 49 11 51
10 91 10 94
51 67 54 67
26 16 28 16
36 19 36 22
55 1 56 1
49 97 50 97
9 11 11 11
88 72 88 74
36 61 36 62
31 62 33 62
90 68 90 70
67 5 68 5
39 83 40 83
56 94 56 95
32 96 34 96
97 26 99 26
15 43 18 43
83 2 83 5
30 30 30 33
81 6 81 7
28 59 28 60
73 91 75 91
49 25 51 25
96 29 98 29
73 63 73 64
5 8 5 10
40 6 41 6
61 31 61 32
52 61 52 63
12 90 13 90
49 58 49 60
26 10 27 10
65 69 65 70
66 21 67 21
32 76 35 76
12 67 13 67
94 50 96 50
16 26 19 26
83 17 85 17
81 67 81 68
10 79 13 79
24 12 25 12
62 92 62 94
26 13 26 16
77 8 80 8
27 61 29 61
17 25 17 27
46 52 46 54
64 34 65 34
6 89 9 89
90 51 91 51
20 17 23 17
5 94 8 94
3 37 3 39
94 24 97 24
77 11 78 11
53 42 56 42
54 80 57 80
14 83 17 83
88 61 88 64
68 63 68 65
82 66 83 66
30 10 30 13
14 95 14 98
66 62 69 62
46 64 46 65
18 82 19 82
51 28 52 28
5 75 5 76
65 34 65 37
80 43 82 43
42 94 43 94
78 6 78 7
91 41 92 41
47 21 47 22
7 42 8 42
49 5 51 5
65 91 65 92
34 83 35 83
3 71 4 71
8 42 8 44
19 33 19 35
22 28 24 28
1 29 3 29
66 59 68 59
17 36 20 36
91 76 92 76
44 51 44 54
38 10 40 10
1 31 2 31
63 14 63 16
24 69 24 70
4 59 4 61
75 45 75 48
89 55 91 55
40 34 40 37
27 92 27 95
36 16 36 18
75 80 76 80
19 16 20 16
44 88 44 91
15 58 18 58
3 20 5 20
76 43 77 43
94 46 94 47
62 42 65 42
22 1 25 1
71 4 74 4
92 33 94 33
29 35 32 35
92 15 93 15
42 92 43 92
4 44 4 47
6 31 7 31
20 18 21 18
90 4 90 7
65 1 67 1
45 24 45 26
89 41 89 43
53 52 53 53
40 35 41 35
94 81 96 81
72 94 72 95
71 43 74 43
92 89 94 89
40 17 43 17
42 49 44 49
91 12 91 15
72 34 74 34
12 93 12 96
32 91 34 91
91 91 93 91
63 50 65 50
1 5 2 5
47 12 49 12
96 5 98 5
45 65 45 67
69 23 72 23
85 66 85 68
46 38 48 38
60 38 60 40
56 86 59 86
44 51 44 52
9 59 10 59
21 10 21 11
53 52 55 52
73 56 75 56
96 41 97 41
24 35 26 35
3 30 3 32
99 70 100 70
15 76 16 76
79 81 79 83
33 63 34 63
60 62 61 62
10 32 11 32
73 98 76 98
74 29 74 32
6 46 6 49
59 59 59 62
65 51 66 51
14 41 16 41
38 76 40 76
62 4 62 7
99 89 99 90
99 18 100 18
56 36 56 39
37 15 37 16
37 70 37 72
76 56 77 56
21 17 21 20
30 84 30 85
96 59 99 59
15 8 17 8
97 5 100 5
10 91 10 92
27 97 27 100
69 90 71 90
1 12 4 12
82 55 82 58
7 29 10 29
31 80 32 80
73 87 76 87
96 13 96 14
92 13 93 13
80 38 80 39
68 41 69 41
12 14 14 14
84 87 87 87
2 47 4 47
11 74 11 77
30 19 30 22
88 66 91 66
84 87 87 87
96 83 96 86
12 83 12 85
22 19 23 19
42 42 42 44
21 25 21 26
20 51 22 51
94 81 94 83
23 96 26 96
95 2 96 2
37 3 37 4
56 59 57 59
32 37 32 39
39 46 39 48
65 86 65 88
8 60 9 60
68 73 68 74
61 89 61 91
57 9 57 10
90 95 90 97
90 65 90 67
36 68 36 71
48 98 48 99
52 40 52 43
8 5 11 5
22 35 22 37
22 6 23 6
37 30 40 30
36 88 38 88
43 37 44 37
67 60 69 60
56 6 57 6
97 32 97 35
37 66 37 68
17 74 17 75
78 75 78 76
30 63 32 63
85 70 85 73
10 58 10 60
58 86 59 86
17 72 17 73
20 83 20 86
50 98 50 100
1 65 1 68
21 59 21 62
33 25 33 26
98 41 100 41
51 76 52 76
87 20 87 21
43 34 45 34
30 4 30 7
45 64 47 64
36 25 36 28
52 93 55 93
40 5 40 8
8 55 8 58
2 94 5 94
52 17 52 20
61 87 62 87
13 47 15 47
70 31 70 32
35 99 38 99
37 21 39 21
27 20 27 23
84 39 86 39
82 89 83 89
76 56 76 58
30 54 33 54
22 72 22 75
13 92 13 93
17 87 17 88
50 10 52 10
49 89 49 92
61 34 64 34
37 23 37 26
62 15 65 15
42 73 42 75
11 63 14 63
99 83 99 86
46 63 49 63
96 95 96 97
9 7 9 10
20 28 20 31
43 61 43 62
23 61 26 61
92 5 92 8
28 54 31 54
1 59 1 62
53 82 56 82
98 25 99 25
41 30 41 33
24 71 24 73
45 31 48 31
74 92 77 92
64 30 64 32
32 54 34 54
93 64 93 66
79 71 79 74
86 53 86 55
69 48 71 48
7 36 7 39
87 50 87 52
8 88 8 91
13 21 13 24
43 73 45 73
35 87 38 87
27 73 28 73
56 13 56 14
68 56 68 59
21 18 23 18
64 76 67 76
69 36 71 36
50 48 50 51
58 3 58 4
77 60 77 61
52 80 52 83
65 86 65 88
73 8 74 8
99 46 100 46
35 68 35 71
87 32 88 32
94 28 96 28
35 29 35 31
75 59 78 59
72 58 72 61
36 29 38 29
81 93 82 93
7 62 8 62
56 50 56 51
10 96 10 98
28 34 28 36
88 8 88 10
53 12 56 12
43 22 45 22
39 28 39 29
32 45 35 45
44 10 44 11
33 72 36 72
58 87 59 87
7 47 10 47
44 55 47 55
75 8 77 8
94 67 97 67
69 1 69 4
75 50 75 53
4 25 4 28
38 12 38 14
67 55 70 55
74 53 77 53
85 64 87 64
43 70 43 72
91 93 91 95
81 72 81 74
46 75 47 75
48 78 50 78
89 12 91 12
15 88 15 89
44 30 45 30
52 65 52 66
94 42 96 42
5 61 8 61
29 95 29 98
82 37 82 38
8 33 8 34
4 91 5 91
85 91 85 93
75 16 75 19
39 38 39 39
88 12 89 12
38 72 38 73
43 9 43 10
2 89 2 90
18 6 18 7
90 86 91 86
47 22 47 23
91 64 93 64
13 23 13 26
74 19 75 19
80 33 83 33
58 7 61 7
12 85 14 85
8 23 8 24
53 46 54 46
53 97 53 100
49 87 52 87
69 8 69 11
13 99 13 100
27 82 29 82
71 33 71 34
1 26 1 29
7 18 7 19
38 77 41 77
6 81 6 84
13 72 13 73
40 64 40 65
1 58 4 58
90 41 90 42
95 22 96 22
50 5 52 5
65 18 67 18
22 39 24 39
53 85 53 88
17 97 19 97
5 30 7 30
43 72 43 75
33 58 36 58
3 7 3 8
99 65 99 66
2 86 4 86
6 29 6 30
13 45 13 48
57 42 57 43
15 24 15 27
79 65 79 67
51 69 51 71
64 20 64 22
59 43 59 44
44 28 44 29
54 33 57 33
54 90 54 92
88 2 91 2
57 45 57 47
84 23 84 25
85 70 85 73
45 52 45 53
8 1 11 1
80 93 80 95
80 15 80 17
43 83 45 83
27 24 28 24
99 97 99 98
17 7 17 10
92 92 92 93
51 13 54 13
26 6 28 6
7 96 10 96
14 51 15 51
12 78 13 78
57 25 57 26
66 55 69 55
65 55 68 55
71 7 71 8
30 71 30 72
28 32 28 33
41 64 41 66
14 27 15 27
27 23 27 24
97 43 97 46
34 23 36 23
42 68 43 68
42 62 44 62
41 43 42 43
18 11 19 11
48 7 50 7
83 41 85 41
62 82 62 85
49 66 50 66
34 56 37 56
66 1 66 3
54 32 57 32
30 20 30 23
74 21 74 22
63 60 64 60
7 50 7 52
29 85 32 85
55 87 57 87
49 95 49 97
82 8 84 8
67 77 67 79
74 46 74 47
44 61 44 64
88 61 89 61
55 65 55 68
40 99 40 100
28 47 28 50
85 75 85 77
76 17 76 18
33 3 36 3
71 63 71 66
44 18 47 18
30 20 31 20
83 15 83 18
48 74 48 75
9 35 9 38
16 86 19 86
27 36 29 36
80 41 83 41
69 35 70 35
74 49 74 51
83 28 85 28
6 67 8 67
88 58 90 58
21 62 23 62
20 2 23 2
36 39 36 41
17 35 18 35
75 4 77 4
86 76 89 76
15 36 17 36
55 26 56 26
66 61 67 61
56 42 59 42
86 54 86 56
90 29 90 32
69 67 72 67
6 15 8 15
77 90 77 93
36 4 36 5
74 16 76 16
79 90 81 90
14 79 15 79
46 40 49 40
90 95 93 95
44 80 44 82
11 11 11 13
98 7 98 10
16 20 19 20
53 90 56 90
11 48 12 48
42 19 44 19
93 57 95 57
14 51 17 51
99 25 99 28
61 91 61 92
43 89 43 90
70 23 70 24
4 12 7 12
10 90 10 93
12 92 14 92
13 97 15 97
52 75 53 75
45 24 45 25
13 63 15 63
3 73 6 73
25 93 25 94
74 71 75 71
14 52 17 52
20 94 22 94
19 52 22 52
47 5 50 5
94 58 96 58
7 58 9 58
26 2 26 3
60 68 63 68
91 67 91 70
67 48 68 48
67 38 67 40
98 71 98 72
38 57 38 58
88 38 88 40
62 18 62 19
78 76 80 76
61 93 61 96
90 62 90 64
59 65 62 65
24 40 24 42
78 96 79 96
61 74 63 74
64 58 64 60
6 81 6 84
54 83 55 83
67 43 67 46
45 62 46 62
58 34 58 35
78 88 78 91
95 81 98 81
1 51 1 52
32 63 32 66
26 88 26 90
50 34 52 34
67 5 70 5
18 70 19 70
26 9 27 9
43 58 46 58
93 3 93 4
28 97 28 100
22 79 25 79
19 91 21 91
1 4 1 7
23 90 24 90
56 85 56 86
91 24 91 27
93 42 93 44
29 71 29 74
61 76 63 76
72 26 72 28
36 28 36 30
44 4 44 5
34 75 36 75
90 21 93 21
45 31 48 31
45 24 45 25
95 45 95 47
14 30 15 30
73 73 75 73
7 94 7 97
92 44 92 46
11 66 13 66
85 79 87 79
49 35 50 35
13 87 13 90
73 4 74 4
17 30 18 30
33 28 35 28
8 86 9 86
11 62 11 63
66 90 68 90
36 17 38 17
84 75 85 75
50 25 50 28
55 10 55 13
96 62 96 64
88 45 88 47
50 88 50 90
69 16 69 19
42 55 43 55
49 31 49 33
77 72 80 72
70 95 70 96
26 37 26 38
82 5 82 8
82 19 85 19
74 2 76 2
92 33 92 36
40 37 40 39
28 51 29 51
45 51 47 51
42 1 42 2
83 28 83 30
10 78 10 79
42 38 45 38
21 64 23 64
49 47 52 47
