100 1000
5 66 6 66
24 30 24 31
27 34 30 34
76 19 78 19
31 10 33 10
20 3 20 6
67 5 70 5
60 54 60 57
39 36 39 37
51 70 51 73
33 85 33 86
85 10 86 10
13 26 13 28
57 99 58 99
42 86 43 86
35 65 38 65
29 57 29 59
91 35 91 37
96 11 96 13
98 17 98 19
6 92 8 92
48 67 48 69
66 26 68 26
6 93 6 96
14 31 15 31
74 58 74 61
13 45 13 47
71 36 71 37
81 7 81 9
97 37 97 39
19 96 21 96
59 48 60 48
66 60 66 63
38 77 40 77
81 89 81 90
24 91 25 91
23 50 26 50
80 3 83 3
7 18 7 21
82 46 82 48
89 40 90 40
16 36 17 36
24 66 25 66
16 22 16 23
29 46 29 47
63 57 63 59
89 44 90 44
69 6 71 6
71 57 71 60
11 57 11 60
62 81 63 81
41 64 44 64
80 81 80 83
3 9 3 10
18 18 18 21
74 67 74 68
1 26 1 28
9 53 9 56
31 57 31 60
81 9 81 10
83 75 83 78
57 29 57 31
56 81 59 81
36 43 36 46
47 58 47 59
27 3 28 3
64 76 64 78
61 19 62 19
95 95 98 95
27 46 30 46
92 74 92 75
87 24 87 27
45 53 45 54
94 7 97 7
98 14 98 17
23 87 23 89
30 56 32 56
54 13 55 13
97 43 97 45
99 50 99 52
39 18 39 19
83 28 83 31
96 8 96 9
22 80 22 81
74 66 75 66
26 96 26 97
84 34 84 36
84 46 86 46
75 82 75 83
86 91 87 91
41 9 41 11
13 55 14 55
94 18 96 18
53 8 53 10
83 69 83 71
1 63 1 65
27 51 27 53
39 43 39 46
13 94 14 94
53 87 53 88
54 10 57 10
67 48 70 48
67 99 67 100
67 4 67 7
5 92 5 94
18 41 20 41
98 95 98 97
18 98 21 98
51 95 54 95
6 38 9 38
55 70 57 70
21 2 21 3
91 13 91 15
68 57 68 58
31 7 34 7
26 38 29 38
10 26 13 26
7 11 9 11
10 41 10 43
68 39 68 42
79 13 80 13
86 29 86 32
83 83 86 83
69 12 70 12
20 4 20 7
36 44 36 47
41 46 42 46
51 64 51 67
76 72 77 72
70 45 73 45
97 73 98 73
51 72 54 72
88 89 88 91
10 35 12 35
10 86 12 86
77 2 77 3
38 69 38 72
20 39 20 42
21 49 23 49
55 78 55 81
49 53 49 55
36 79 38 79
12 57 12 60
81 42 81 45
31 69 34 69
49 1 51 1
42 54 42 56
37 98 38 98
56 95 57 95
63 80 65 80
86 82 88 82
35 62 38 62
45 3 45 6
92 49 92 51
75 88 75 91
36 21 36 22
76 72 76 75
51 79 51 81
86 27 88 27
15 15 15 18
61 65 61 67
66 93 66 94
75 43 75 46
60 2 60 4
78 71 80 71
34 7 34 9
70 80 70 82
53 53 53 55
73 41 73 44
5 69 5 72
33 22 33 23
30 57 33 57
4 29 6 29
29 53 29 55
37 50 40 50
93 74 94 74
10 88 10 89
80 53 81 53
25 4 25 5
96 21 96 22
89 16 90 16
65 89 65 90
94 67 94 69
5 61 7 61
68 88 70 88
54 71 54 73
68 79 68 80
23 35 24 35
14 52 17 52
12 29 13 29
57 82 57 83
20 7 20 9
15 71 15 72
23 94 24 94
11 13 14 13
71 7 73 7
10 17 10 19
66 11 66 13
32 78 35 78
47 91 47 93
75 56 75 58
91 50 92 50
93 77 96 77
72 71 72 73
85 65 85 66
65 52 66 52
24 5 26 5
9 86 10 86
82 95 82 96
94 46 96 46
23 22 26 22
44 48 46 48
29 35 32 35
87 28 88 28
59 8 59 11
75 50 75 51
6 48 6 51
61 35 63 35
96 45 98 45
93 9 96 9
38 15 38 18
99 90 99 92
98 87 100 87
18 81 21 81
11 51 14 51
32 89 35 89
79 48 81 48
48 54 48 56
48 53 48 55
35 37 35 38
16 63 19 63
78 68 78 69
61 7 61 9
27 64 27 66
15 21 17 21
6 89 6 91
58 6 58 8
32 24 32 27
44 67 47 67
10 27 10 28
27 69 29 69
22 86 22 89
9 1 9 2
42 55 42 56
57 35 57 38
30 56 32 56
68 58 70 58
83 75 83 78
5 84 5 86
9 64 9 67
81 54 82 54
78 25 78 28
57 55 57 58
12 43 15 43
85 44 87 44
87 64 87 66
61 57 61 59
29 73 29 76
12 43 15 43
98 51 99 51
27 11 27 12
63 64 65 64
4 55 6 55
90 59 91 59
53 24 54 24
16 74 19 74
39 20 42 20
51 6 53 6
86 31 86 34
62 73 65 73
80 46 83 46
21 53 21 55
58 75 58 78
80 37 80 39
51 19 53 19
2 9 2 12
83 18 85 18
23 8 26 8
53 74 53 77
20 85 23 85
18 11 18 14
82 96 84 96
5 84 5 86
84 26 87 26
35 56 36 56
74 43 74 45
21 43 21 44
95 57 95 59
55 4 55 7
98 37 98 40
64 29 66 29
82 11 83 11
78 70 78 72
95 59 95 62
80 60 82 60
74 47 76 47
52 60 55 60
99 6 100 6
40 3 40 5
88 92 89 92
47 94 47 95
22 69 25 69
92 52 92 54
81 76 81 77
75 8 76 8
23 15 23 18
96 37 96 40
20 65 23 65
92 46 95 46
19 29 19 32
90 92 92 92
94 35 94 37
89 23 92 23
7 46 8 46
66 56 66 59
45 78 46 78
66 24 66 26
83 34 85 34
82 3 82 4
28 82 30 82
21 60 21 63
94 6 96 6
59 60 59 62
1 41 1 42
17 60 20 60
88 81 90 81
24 25 25 25
15 57 15 60
77 66 80 66
75 79 75 81
43 1 44 1
20 36 20 38
65 20 65 23
2 9 4 9
79 47 82 47
8 76 8 77
55 30 57 30
77 52 77 54
28 21 28 24
6 57 6 60
79 56 79 59
44 38 47 38
92 25 92 26
7 62 9 62
69 73 72 73
51 11 52 11
82 75 82 78
81 85 81 86
11 85 13 85
38 36 39 36
47 16 47 18
47 8 47 10
68 60 68 61
88 46 88 49
91 26 91 29
98 2 99 2
90 82 90 83
71 1 71 3
15 52 15 54
68 12 71 12
43 74 43 75
67 3 67 5
48 23 49 23
24 89 24 91
28 35 30 35
90 11 93 11
32 85 32 87
4 2 4 5
60 38 60 39
89 67 89 70
47 53 49 53
41 16 41 17
33 97 33 99
49 2 50 2
79 45 82 45
85 99 87 99
23 80 26 80
63 94 65 94
93 74 93 76
38 46 38 47
74 91 74 92
93 66 93 68
53 94 53 96
79 59 79 61
91 26 91 28
63 25 65 25
41 47 41 50
83 48 85 48
19 72 19 75
96 56 98 56
51 93 51 96
50 13 52 13
71 69 71 70
21 67 23 67
28 64 30 64
27 55 28 55
1 12 1 13
52 10 54 10
72 69 72 72
92 94 93 94
65 6 65 7
3 81 3 83
20 57 21 57
91 7 91 10
19 27 21 27
87 74 89 74
17 9 17 11
57 83 58 83
74 36 75 36
52 60 52 61
98 73 100 73
44 20 44 22
39 15 41 15
27 51 27 54
23 41 26 41
40 61 42 61
99 33 100 33
25 9 25 11
24 49 24 50
86 87 86 90
64 76 64 78
32 92 32 93
95 90 96 90
63 10 65 10
79 52 80 52
63 90 63 91
71 92 71 95
12 27 12 29
22 1 22 3
49 51 49 52
26 34 28 34
11 32 12 32
70 2 70 4
92 8 92 11
36 82 38 82
50 28 50 31
86 63 88 63
80 15 81 15
47 88 48 88
32 6 32 8
96 28 96 29
91 69 91 70
66 56 66 58
78 65 81 65
22 89 22 91
42 34 42 36
13 8 14 8
23 6 23 7
63 33 63 34
20 3 21 3
21 76 22 76
86 23 86 26
31 87 31 89
58 72 60 72
93 54 96 54
81 39 83 39
14 98 14 99
23 35 24 35
12 31 12 33
39 11 42 11
58 6 60 6
97 1 100 1
36 79 36 81
6 94 6 97
85 34 85 37
19 4 22 4
9 89 9 90
45 32 45 35
85 8 85 11
65 55 66 55
26 13 26 15
6 13 6 14
95 45 96 45
1 80 3 80
46 78 46 79
70 46 70 47
55 47 58 47
69 59 69 60
69 96 70 96
93 17 96 17
77 14 77 17
52 20 53 20
38 71 38 74
28 57 28 60
67 7 69 7
32 15 32 17
28 49 28 50
18 64 19 64
87 32 87 34
15 47 17 47
64 75 67 75
29 31 29 32
53 82 53 85
28 32 30 32
66 94 67 94
84 79 87 79
11 1 14 1
26 88 27 88
55 53 57 53
54 49 54 52
46 23 48 23
25 73 25 75
67 68 68 68
74 48 77 48
87 87 88 87
31 7 33 7
17 19 17 22
38 7 38 8
86 74 88 74
29 53 29 55
98 44 98 46
98 46 98 47
3 9 6 9
61 80 63 80
36 85 36 86
41 28 41 30
59 71 59 72
89 89 91 89
38 51 38 54
78 29 81 29
73 25 74 25
38 42 39 42
8 19 8 21
35 43 38 43
26 68 27 68
13 45 13 46
52 35 52 36
50 80 51 80
20 48 20 49
56 89 56 90
16 27 19 27
64 14 64 17
54 59 55 59
29 39 30 39
8 58 9 58
13 46 14 46
58 18 58 21
12 81 12 83
45 82 45 85
53 48 53 50
35 34 38 34
20 51 23 51
89 4 89 7
14 20 14 23
71 65 71 67
90 14 93 14
45 24 47 24
27 73 29 73
9 38 12 38
90 65 90 66
39 43 40 43
73 16 73 17
78 43 78 46
36 4 36 5
50 82 50 85
86 32 87 32
29 49 32 49
52 25 53 25
57 6 57 8
17 76 17 77
1 40 4 40
59 87 59 88
90 47 90 48
20 12 20 13
90 80 91 80
27 48 29 48
65 9 65 10
96 1 96 4
82 17 84 17
62 69 64 69
25 83 26 83
95 69 97 69
85 99 87 99
97 76 97 78
66 17 66 19
57 94 57 97
43 56 43 57
17 73 17 74
23 38 25 38
64 68 67 68
22 85 22 88
43 69 44 69
15 43 17 43
51 7 52 7
74 93 76 93
43 84 43 85
54 37 54 39
76 58 79 58
59 24 59 27
49 13 49 16
80 21 83 21
92 99 93 99
53 69 56 69
7 17 9 17
56 33 56 34
56 15 56 17
55 83 56 83
78 12 80 12
46 88 47 88
96 55 96 57
67 96 67 97
89 18 91 18
71 90 71 91
69 41 69 43
91 32 91 33
14 43 14 45
87 8 87 9
57 29 57 30
13 88 13 90
9 22 11 22
92 44 95 44
96 64 97 64
71 94 71 96
37 11 37 12
59 65 59 68
93 73 95 73
49 16 49 19
3 58 6 58
65 81 65 84
86 50 86 51
16 20 16 22
97 77 98 77
47 15 47 17
2 85 2 86
59 14 59 17
60 11 60 12
38 62 40 62
94 72 94 73
20 96 23 96
26 22 26 25
52 3 52 6
57 14 60 14
36 97 36 100
12 65 13 65
18 34 18 36
77 8 77 11
76 92 76 93
20 71 22 71
69 67 69 69
76 15 77 15
94 21 94 24
62 65 64 65
34 61 37 61
96 10 98 10
94 59 94 61
91 63 93 63
5 73 5 75
37 5 37 6
77 2 77 4
87 11 87 12
94 68 96 68
16 1 16 3
73 83 74 83
4 91 4 92
60 55 63 55
61 53 61 54
33 53 33 56
70 37 73 37
46 99 47 99
91 2 91 3
33 44 35 44
42 11 45 11
69 8 70 8
19 25 21 25
49 42 49 44
85 46 87 46
26 79 27 79
22 9 22 11
6 87 7 87
81 65 82 65
54 30 54 32
40 25 41 25
49 28 51 28
76 87 76 90
55 36 55 38
39 95 41 95
67 39 67 40
70 34 73 34
54 3 54 5
21 27 22 27
15 51 18 51
35 91 36 91
68 68 70 68
38 26 40 26
65 64 66 64
98 34 99 34
67 90 70 90
79 64 80 64
40 26 40 29
40 71 40 74
56 9 57 9
71 16 71 17
20 49 22 49
32 94 32 97
1 40 1 42
96 9 96 10
1 35 1 36
78 95 78 98
39 20 39 23
70 48 70 50
44 66 45 66
74 11 76 11
24 66 25 66
45 81 47 81
69 59 69 61
11 34 12 34
30 94 30 95
50 13 50 15
95 74 95 75
55 8 55 11
39 60 40 60
9 19 11 19
40 96 40 97
47 8 47 9
16 30 16 33
93 83 94 83
55 34 55 37
80 50 82 50
29 11 31 11
46 38 46 39
45 59 47 59
92 99 92 100
33 90 33 91
7 50 9 50
64 77 67 77
14 79 17 79
4 59 6 59
10 91 13 91
14 91 14 93
11 43 11 45
28 18 28 21
36 68 39 68
15 43 18 43
81 41 83 41
81 82 81 84
17 70 19 70
26 36 26 37
16 62 16 63
59 1 59 4
42 88 44 88
4 4 4 7
6 96 9 96
94 70 95 70
94 85 94 87
40 96 43 96
57 40 59 40
97 65 97 68
94 1 94 4
28 15 28 16
50 11 50 12
39 39 39 41
9 17 9 20
61 89 63 89
25 55 27 55
41 69 43 69
86 17 89 17
47 60 50 60
55 27 55 28
60 34 61 34
20 17 20 20
39 36 39 37
45 77 48 77
36 66 39 66
42 96 42 97
61 27 63 27
18 47 18 49
82 27 85 27
94 60 94 61
26 89 26 91
97 72 97 75
92 27 92 30
56 27 58 27
90 38 93 38
18 94 21 94
17 85 17 86
92 77 95 77
22 47 24 47
94 92 94 95
78 30 81 30
4 30 6 30
39 21 39 23
5 52 5 53
26 10 26 11
49 30 50 30
49 68 50 68
72 35 75 35
13 67 13 70
38 73 41 73
8 68 11 68
77 22 80 22
40 24 40 27
58 13 58 15
52 42 52 44
64 69 65 69
51 2 51 4
38 19 40 19
22 48 22 51
51 6 51 7
97 96 99 96
9 84 9 87
27 65 27 68
32 53 32 55
86 75 86 78
78 33 78 34
31 74 32 74
9 60 11 60
5 15 5 18
2 34 4 34
60 44 60 47
83 96 83 99
25 67 28 67
84 62 84 64
64 47 64 49
22 32 24 32
68 88 69 88
15 55 15 57
80 55 80 57
22 59 22 61
54 94 56 94
66 23 68 23
65 74 65 76
17 62 17 63
52 45 52 48
5 4 8 4
31 43 32 43
47 16 47 17
9 83 10 83
47 50 47 52
27 50 29 50
51 82 51 83
11 86 14 86
53 44 53 46
41 15 41 16
28 33 30 33
32 97 32 99
81 18 82 18
44 60 46 60
51 13 51 15
8 76 8 78
33 65 35 65
54 30 55 30
40 77 40 80
55 4 55 6
36 2 36 5
4 80 4 83
76 74 77 74
95 61 95 63
15 34 15 37
45 80 47 80
33 50 36 50
43 74 45 74
4 65 4 66
39 25 41 25
33 59 36 59
30 56 30 59
61 66 62 66
86 43 86 45
22 85 24 85
19 65 20 65
74 52 74 53
49 10 49 13
76 64 76 67
90 99 90 100
13 82 13 85
95 78 97 78
56 57 58 57
65 5 65 8
9 87 9 90
31 7 31 9
54 89 54 90
9 23 10 23
63 84 63 86
60 73 60 76
91 64 94 64
26 58 26 61
31 67 32 67
94 44 94 45
52 54 52 55
33 39 35 39
91 61 94 61
63 97 63 99
81 9 83 9
33 39 33 42
64 74 66 74
45 62 45 63
39 35 40 35
50 99 52 99
13 40 15 40
68 44 68 46
60 43 60 46
58 78 59 78
27 28 27 30
47 12 48 12
33 71 33 72
13 2 16 2
46 34 49 34
39 62 39 63
66 58 67 58
41 43 43 43
61 70 62 70
57 5 57 6
51 70 51 73
3 79 3 81
59 39 59 40
24 81 26 81
1 23 4 23
30 87 33 87
10 80 12 80
23 62 23 64
28 53 28 56
32 31 32 34
37 23 37 24
4 37 4 40
94 15 94 17
13 17 15 17
81 41 82 41
11 78 11 81
15 98 18 98
40 7 40 10
6 6 7 6
45 88 48 88
44 88 44 89
40 89 40 90
82 78 85 78
44 94 46 94
87 46 88 46
41 65 41 68
81 53 81 54
64 65 64 68
55 14 56 14
30 28 31 28
71 84 73 84
20 42 20 43
29 93 29 96
2 81 2 84
49 60 49 63
60 21 60 22
60 94 60 95
17 55 17 57
88 61 88 63
76 78 78 78
27 19 30 19
46 20 49 20
82 99 85 99
2 70 4 70
37 72 37 73
7 95 10 95
63 60 63 62
48 76 48 79
92 87 94 87
42 76 44 76
4 63 4 64
81 60 82 60
95 84 95 85
77 43 77 44
25 6 25 9
10 51 10 52
97 4 98 4
11 25 11 27
1 61 1 63
47 77 48 77
4 92 4 94
57 98 59 98
55 28 55 30
69 86 69 88
38 42 38 45
82 43 82 46
76 59 76 60
22 88 24 88
14 4 15 4
7 61 7 64
11 29 14 29
9 71 10 71
30 69 30 70
57 14 57 16
85 74 88 74
95 76 95 78
44 69 44 71
5 15 5 18
92 21 94 21
84 24 85 24
67 88 69 88
83 79 84 79
82 22 82 23
73 51 73 53
2 92 2 94
47 27 47 28
24 29 24 31
45 68 47 68
13 81 13 82
89 75 91 75
79 24 82 24
83 14 83 16
17 35 20 35
85 22 87 22
78 72 78 74
66 53 67 53
46 70 46 73
20 97 20 98
10 73 11 73
